1	0	0	0	0	0
2	0	0	0	0	0
3	0	0	0	0	0
4	0	0	0	0	0
5	0	0	0	0	0
6	0	0	0	0	0
7	0	0	0	0	0
8	0	0	0	0	0
9	0	0	0	0	0
10	0	0	0	0	0
11	0	0	0	0	0
12	0	0	0	0	0
13	0	0	0	0	0
14	4,54545E-4	0	0	0	0
15	4,54545E-4	0	0	0	0
16	4,54545E-4	0	0	0	0
17	0,00409	0	0	0	0
18	0,00409	0	0	0	0
19	0,00864	0	0	0	0
20	0,00864	0	0	0	0
21	0,00864	0	0	0	0
22	0,00864	0	0	0	0
23	0,00864	0	0	0	0
24	0,00864	0	0	0	0
25	0,00864	0	0	0	0
26	0,01091	0	0	0	0
27	0,01091	0	0	0	0
28	0,01091	0,00143	0	0	0
29	0,01182	0,00143	0	0	0
30	0,01182	0,00143	0	0	0
31	0,01182	0,00143	0	0	0
32	0,01182	0,00143	0	0	0
33	0,01227	0,00143	0	0	0
34	0,01318	0,00143	0	0	0
35	0,01318	0,0019	0	0	0
36	0,01318	0,0019	0	0	0
37	0,01318	0,0019	0	0	0
38	0,01318	0,0019	0	0	0
39	0,01318	0,0019	0	0	0
40	0,01318	0,0019	0	0	0,00759
41	0,01318	0,0019	8,40336E-4	0	0,00802
42	0,01318	0,0019	0,00126	0	0,00802
43	0,01318	0,0019	0,00126	0	0,00802
44	0,01318	0,0019	0,00126	0	0,00802
45	0,01318	0,0019	0,00126	0	0,00802
46	0,01318	0,0019	0,00126	0,00306	0,00802
47	0,01318	0,0019	0,00126	0,00306	0,00802
48	0,01318	0,0019	0,00126	0,00306	0,01013
49	0,02182	0,0019	0,00126	0,00306	0,01055
50	0,02182	0,0019	0,00126	0,00393	0,01139
51	0,02182	0,0019	0,00126	0,00393	0,01139
52	0,02182	0,0019	0,00126	0,00393	0,01139
53	0,02182	0,0019	0,00126	0,00393	0,01139
54	0,02182	0,0019	0,00126	0,00437	0,01139
55	0,02182	0,0019	0,00126	0,0048	0,01139
56	0,02182	0,0019	0,00126	0,0048	0,01139
57	0,025	0,0019	0,00126	0,0048	0,01139
58	0,02545	0,0019	0,00126	0,0048	0,01139
59	0,02545	0,0019	0,00126	0,0048	0,01139
60	0,02545	0,0019	0,00126	0,0048	0,01139
61	0,02545	0,0019	0,00126	0,0048	0,01139
62	0,02545	0,0019	0,00168	0,0048	0,01139
63	0,02545	0,0019	0,00168	0,0048	0,01139
64	0,02545	0,0019	0,00168	0,0048	0,01139
65	0,02545	0,0019	0,00168	0,0048	0,01139
66	0,02545	0,0019	0,00168	0,0048	0,01139
67	0,02545	0,0019	0,00168	0,0048	0,01139
68	0,02545	0,01333	0,00168	0,0048	0,01139
69	0,02545	0,01333	0,00168	0,00786	0,01139
70	0,02545	0,01333	0,00168	0,00786	0,01139
71	0,02545	0,01333	0,00168	0,00786	0,01139
72	0,02545	0,01333	0,00168	0,0083	0,01139
73	0,03727	0,01333	0,0021	0,00873	0,01139
74	0,03727	0,01333	0,0021	0,00873	0,01139
75	0,03727	0,01333	0,0021	0,00873	0,01139
76	0,03727	0,01333	0,0021	0,00873	0,01139
77	0,03773	0,01333	0,0021	0,00873	0,01139
78	0,03773	0,01333	0,0021	0,00873	0,01139
79	0,03818	0,01333	0,0021	0,00873	0,01139
80	0,03818	0,01333	0,0021	0,00873	0,01139
81	0,03818	0,01333	0,0021	0,00873	0,01139
82	0,03818	0,01333	0,0021	0,00873	0,01139
83	0,03818	0,01333	0,0021	0,00873	0,01139
84	0,03818	0,01333	0,0021	0,00873	0,01139
85	0,03818	0,01333	0,0021	0,00873	0,01139
86	0,03818	0,01333	0,0021	0,00873	0,01139
87	0,03818	0,01333	0,0021	0,00873	0,01139
88	0,03818	0,01333	0,0021	0,00873	0,01139
89	0,04727	0,01333	0,0021	0,00873	0,01139
90	0,04773	0,01333	0,0021	0,00873	0,01139
91	0,04773	0,01333	0,0021	0,01223	0,01139
92	0,04773	0,01667	0,0021	0,01223	0,01139
93	0,04773	0,01667	0,0021	0,01223	0,01139
94	0,04773	0,01714	0,0021	0,01223	0,01139
95	0,04773	0,01714	0,0021	0,01223	0,01139
96	0,04773	0,01714	0,0021	0,01223	0,01139
97	0,04773	0,01714	0,0021	0,01223	0,01139
98	0,04773	0,01714	0,0021	0,01223	0,01139
99	0,04773	0,01857	0,0021	0,01223	0,01139
100	0,04773	0,01857	0,0021	0,01223	0,01139
101	0,04773	0,01857	0,0021	0,01223	0,01139
102	0,04773	0,01857	0,0021	0,01223	0,01139
103	0,04773	0,01857	0,0021	0,01223	0,01139
104	0,04773	0,01857	0,0021	0,01223	0,01139
105	0,04773	0,01857	0,0021	0,01223	0,01139
106	0,04773	0,01857	0,0021	0,01223	0,01139
107	0,04773	0,01857	0,0021	0,01223	0,01139
108	0,04773	0,01857	0,0021	0,01223	0,01139
109	0,04773	0,01857	0,0021	0,01223	0,01139
110	0,04773	0,01857	0,0021	0,01223	0,01139
111	0,04773	0,01857	0,0021	0,01223	0,01139
112	0,04773	0,01857	0,0021	0,01223	0,01139
113	0,04773	0,01857	0,0021	0,01223	0,01139
114	0,04773	0,01857	0,0021	0,01223	0,01139
115	0,04773	0,01857	0,0021	0,01223	0,01139
116	0,04773	0,01857	0,0021	0,01223	0,01139
117	0,04773	0,01857	0,0021	0,01223	0,01139
118	0,04773	0,01857	0,0021	0,01266	0,01139
119	0,04773	0,01857	0,0021	0,01878	0,03671
120	0,04773	0,01905	0,0021	0,01921	0,03671
121	0,04773	0,01905	0,0021	0,01921	0,03671
122	0,04773	0,01905	0,0021	0,01921	0,03671
123	0,04773	0,01905	0,0021	0,01921	0,03671
124	0,04773	0,01905	0,0021	0,01921	0,03671
125	0,04773	0,01905	0,0021	0,01921	0,03671
126	0,04773	0,01905	0,0021	0,01921	0,03671
127	0,04773	0,01905	0,0021	0,01921	0,03671
128	0,05591	0,01905	0,0021	0,01921	0,03671
129	0,05591	0,01905	0,0021	0,01921	0,03671
130	0,05591	0,01905	0,0021	0,02052	0,03671
131	0,05591	0,01905	0,0021	0,02096	0,03671
132	0,05591	0,01905	0,0021	0,02096	0,03671
133	0,05591	0,01905	0,0021	0,02096	0,03671
134	0,05591	0,01952	0,0021	0,02096	0,03671
135	0,05591	0,01952	0,0021	0,02096	0,03671
136	0,05591	0,01952	0,0021	0,02096	0,03671
137	0,05591	0,01952	0,0021	0,02096	0,03671
138	0,05591	0,01952	0,0021	0,02096	0,03671
139	0,05591	0,01952	0,0021	0,02183	0,03671
140	0,05591	0,01952	0,0021	0,02227	0,03671
141	0,05591	0,01952	0,0021	0,02227	0,03671
142	0,05591	0,01952	0,0021	0,02227	0,03671
143	0,05591	0,01952	0,0021	0,02271	0,03671
144	0,05591	0,01952	0,0021	0,02271	0,03713
145	0,05591	0,01952	0,0021	0,02271	0,03713
146	0,05591	0,01952	0,0021	0,02271	0,05949
147	0,05591	0,02	0,0021	0,02271	0,05949
148	0,05591	0,0219	0,0021	0,02271	0,05949
149	0,05591	0,0219	0,0021	0,02271	0,05949
150	0,05591	0,0219	0,0021	0,02271	0,05949
151	0,05591	0,0219	0,0021	0,02271	0,05949
152	0,05591	0,0219	0,0021	0,02271	0,05949
153	0,05591	0,0219	0,0021	0,02271	0,05949
154	0,05591	0,0219	0,0021	0,02271	0,05949
155	0,05591	0,0219	0,0021	0,02271	0,05949
156	0,05591	0,0219	0,0021	0,02271	0,05949
157	0,05591	0,0219	0,0021	0,02271	0,05949
158	0,05591	0,0219	0,0021	0,02271	0,05949
159	0,05591	0,0219	0,0021	0,02271	0,05949
160	0,05591	0,0219	0,0021	0,02271	0,05949
161	0,05636	0,0219	0,0021	0,02795	0,05949
162	0,05636	0,0219	0,03529	0,02795	0,05949
163	0,05636	0,0219	0,03529	0,02795	0,05949
164	0,05636	0,0219	0,03529	0,02795	0,05949
165	0,05636	0,0219	0,03908	0,02795	0,05949
166	0,05636	0,0219	0,03908	0,02795	0,05949
167	0,05636	0,0219	0,04538	0,02795	0,05949
168	0,05636	0,0219	0,04538	0,02795	0,05949
169	0,05636	0,0219	0,04538	0,02795	0,05949
170	0,05636	0,0219	0,0458	0,02795	0,07173
171	0,06682	0,0219	0,0458	0,02795	0,07173
172	0,06682	0,0219	0,0458	0,02795	0,07173
173	0,06682	0,0219	0,04622	0,02795	0,07173
174	0,06682	0,0219	0,04622	0,02795	0,07173
175	0,06682	0,0219	0,04622	0,02795	0,07173
176	0,06682	0,0219	0,04622	0,02795	0,07173
177	0,06682	0,0219	0,04622	0,02795	0,0789
178	0,06682	0,0219	0,04622	0,02795	0,0789
179	0,06682	0,0219	0,04622	0,02795	0,0789
180	0,06682	0,02238	0,04622	0,02795	0,0789
181	0,06682	0,02238	0,04622	0,02795	0,08819
182	0,06682	0,02238	0,04622	0,02795	0,08819
183	0,06682	0,02238	0,04622	0,02795	0,08819
184	0,06682	0,02238	0,04622	0,02795	0,08819
185	0,06682	0,02238	0,04622	0,02795	0,08861
186	0,06682	0,02238	0,04622	0,02795	0,08861
187	0,06682	0,02238	0,04622	0,02795	0,08861
188	0,06682	0,02238	0,04622	0,02795	0,08861
189	0,06682	0,02238	0,04622	0,02795	0,08903
190	0,06682	0,02238	0,04622	0,02795	0,08903
191	0,06682	0,02238	0,04622	0,02795	0,08903
192	0,06682	0,02238	0,04622	0,02795	0,08903
193	0,06682	0,02286	0,04622	0,02795	0,08903
194	0,06682	0,02286	0,04622	0,02795	0,08903
195	0,06682	0,02286	0,04622	0,02795	0,08903
196	0,06682	0,02286	0,04622	0,02795	0,08903
197	0,06682	0,02286	0,04622	0,02795	0,08903
198	0,06682	0,02286	0,04622	0,02795	0,08903
199	0,06682	0,02286	0,04622	0,02795	0,08903
200	0,06682	0,02286	0,04622	0,02795	0,08903
201	0,06682	0,02286	0,04622	0,02795	0,08903
202	0,06682	0,02286	0,04622	0,02795	0,08903
203	0,06682	0,02286	0,04622	0,03144	0,08903
204	0,06682	0,02381	0,04622	0,03144	0,08903
205	0,06682	0,02381	0,04622	0,03144	0,08903
206	0,06682	0,02381	0,04622	0,03144	0,08903
207	0,06682	0,02381	0,04622	0,03144	0,08903
208	0,06682	0,02381	0,04622	0,03144	0,08903
209	0,06682	0,02381	0,04622	0,03144	0,08903
210	0,08182	0,02381	0,04622	0,03144	0,08903
211	0,08227	0,02381	0,04622	0,03144	0,08903
212	0,08227	0,02381	0,04622	0,03144	0,08903
213	0,08273	0,02381	0,04622	0,03144	0,08903
214	0,08364	0,02381	0,04622	0,03144	0,08903
215	0,08364	0,02381	0,04622	0,03144	0,08903
216	0,08364	0,02381	0,04622	0,03144	0,08903
217	0,08364	0,02381	0,04622	0,03144	0,08903
218	0,08364	0,02381	0,04622	0,03144	0,08903
219	0,08364	0,02381	0,04622	0,03144	0,08903
220	0,08364	0,02381	0,04622	0,03144	0,08903
221	0,08364	0,02381	0,04622	0,03144	0,08903
222	0,08364	0,02381	0,04622	0,03144	0,08903
223	0,08364	0,02381	0,04622	0,03144	0,08903
224	0,08364	0,02381	0,04622	0,03144	0,08903
225	0,08364	0,02381	0,04622	0,03144	0,08903
226	0,08364	0,02381	0,04622	0,03144	0,08903
227	0,08364	0,02381	0,04622	0,03144	0,08903
228	0,08364	0,02381	0,04622	0,03755	0,08903
229	0,08364	0,02381	0,04622	0,03755	0,08903
230	0,08364	0,02381	0,04622	0,03755	0,08903
231	0,08364	0,02381	0,04622	0,03755	0,08903
232	0,08364	0,02381	0,04622	0,03755	0,08903
233	0,08364	0,02381	0,04622	0,03755	0,08903
234	0,08364	0,02429	0,04622	0,03755	0,08903
235	0,08364	0,02429	0,04622	0,03755	0,08903
236	0,08364	0,02429	0,04622	0,03755	0,08903
237	0,08364	0,02429	0,04622	0,03755	0,08903
238	0,08364	0,02429	0,04622	0,03755	0,08903
239	0,08364	0,02429	0,04622	0,03755	0,08903
240	0,08364	0,02429	0,04622	0,03755	0,08903
241	0,08364	0,02429	0,04622	0,03755	0,08903
242	0,08364	0,02429	0,04622	0,03755	0,08903
243	0,08364	0,02429	0,04622	0,03755	0,08903
244	0,08364	0,02429	0,04622	0,03755	0,08903
245	0,08364	0,02429	0,04622	0,03755	0,08903
246	0,08364	0,02429	0,04622	0,03755	0,08903
247	0,08364	0,02429	0,04622	0,03755	0,08903
248	0,08364	0,02429	0,04622	0,03755	0,08903
249	0,08364	0,02429	0,04622	0,03755	0,08903
250	0,08364	0,02429	0,04622	0,03755	0,08903
251	0,08364	0,02429	0,04622	0,03755	0,08903
252	0,08364	0,02429	0,04622	0,05328	0,08903
253	0,08364	0,02429	0,04622	0,05328	0,08903
254	0,08364	0,02429	0,04622	0,05328	0,08903
255	0,08364	0,02429	0,04622	0,05328	0,08903
256	0,08364	0,02429	0,04622	0,05328	0,08903
257	0,08364	0,02429	0,04622	0,05328	0,08903
258	0,08364	0,03476	0,04622	0,05328	0,08903
259	0,08364	0,03476	0,04622	0,05328	0,08903
260	0,08364	0,03476	0,04622	0,05328	0,08903
261	0,08364	0,03476	0,04622	0,05328	0,08903
262	0,08364	0,03476	0,04622	0,05546	0,08903
263	0,08364	0,03476	0,04622	0,05546	0,08903
264	0,08364	0,03476	0,04622	0,05546	0,08903
265	0,08364	0,03476	0,04622	0,05546	0,08903
266	0,08364	0,03476	0,04622	0,05546	0,08903
267	0,08364	0,03476	0,04622	0,05546	0,08903
268	0,08364	0,03476	0,04622	0,05546	0,08903
269	0,08364	0,03476	0,04622	0,05546	0,09156
270	0,08364	0,03476	0,04622	0,05546	0,09156
271	0,08364	0,03476	0,04622	0,05546	0,09156
272	0,08364	0,03857	0,04622	0,05546	0,09156
273	0,08364	0,03857	0,04622	0,05546	0,09156
274	0,08364	0,03857	0,04622	0,05546	0,09156
275	0,08364	0,03857	0,04622	0,05546	0,09156
276	0,08364	0,03857	0,04622	0,05546	0,09156
277	0,08364	0,03857	0,04622	0,05546	0,09156
278	0,08364	0,03857	0,04622	0,05546	0,09156
279	0,08364	0,03857	0,04622	0,05546	0,09156
280	0,08364	0,03857	0,04622	0,05546	0,09156
281	0,08364	0,03857	0,04622	0,05546	0,09156
282	0,08364	0,03857	0,04622	0,06288	0,09156
283	0,08364	0,03857	0,04622	0,06288	0,09156
284	0,08364	0,03857	0,04622	0,06288	0,09156
285	0,08364	0,03857	0,04622	0,06288	0,09156
286	0,08364	0,03857	0,04622	0,06288	0,09156
287	0,08364	0,03857	0,04622	0,06288	0,09156
288	0,08364	0,03857	0,04622	0,06288	0,09156
289	0,08364	0,03857	0,04622	0,06288	0,09156
290	0,08364	0,04476	0,04622	0,06288	0,09156
291	0,08364	0,04476	0,04622	0,06288	0,09156
292	0,08364	0,04476	0,04622	0,06288	0,09156
293	0,08364	0,04476	0,04622	0,06288	0,09156
294	0,08364	0,04476	0,04622	0,06288	0,09156
295	0,08364	0,04476	0,04622	0,06288	0,09156
296	0,08364	0,04476	0,04622	0,06288	0,09156
297	0,08364	0,04476	0,04622	0,06288	0,09156
298	0,08364	0,04476	0,04622	0,06288	0,09156
299	0,08364	0,04476	0,04622	0,06288	0,09156
300	0,08364	0,04476	0,0605	0,06288	0,09156
301	0,08364	0,04476	0,06092	0,06288	0,09156
302	0,08364	0,04476	0,06092	0,06288	0,09156
303	0,08364	0,04476	0,06134	0,06288	0,09156
304	0,08364	0,04476	0,06134	0,06288	0,09156
305	0,08364	0,04476	0,06134	0,07991	0,09156
306	0,08364	0,04476	0,06303	0,07991	0,09156
307	0,08364	0,04476	0,06303	0,07991	0,09156
308	0,08364	0,04476	0,06303	0,07991	0,09156
309	0,08364	0,04476	0,06303	0,07991	0,09156
310	0,08364	0,04476	0,06303	0,07991	0,09156
311	0,08364	0,05429	0,06303	0,07991	0,09156
312	0,08364	0,05429	0,06303	0,07991	0,09156
313	0,08364	0,05429	0,06303	0,07991	0,09156
314	0,08364	0,05429	0,06303	0,0952	0,09156
315	0,08364	0,05429	0,06303	0,09607	0,09156
316	0,08364	0,05429	0,06303	0,09607	0,09156
317	0,08364	0,06048	0,06303	0,09607	0,09156
318	0,08364	0,06048	0,06303	0,10087	0,09156
319	0,08364	0,06048	0,06303	0,10175	0,09156
320	0,08364	0,06048	0,06303	0,10175	0,09156
321	0,08364	0,06048	0,06303	0,10175	0,09156
322	0,08364	0,06048	0,06303	0,10175	0,09156
323	0,08364	0,06048	0,06303	0,10175	0,09156
324	0,08364	0,06048	0,06303	0,10175	0,09156
325	0,08364	0,06048	0,06303	0,10175	0,09156
326	0,08364	0,06048	0,06303	0,10218	0,09156
327	0,08364	0,06048	0,06303	0,10218	0,09156
328	0,08364	0,06048	0,06303	0,10218	0,09156
329	0,08364	0,06333	0,06303	0,10218	0,09156
330	0,08364	0,06333	0,06303	0,10218	0,09156
331	0,08364	0,06333	0,06303	0,10218	0,09156
332	0,08364	0,06333	0,06849	0,10218	0,09156
333	0,08364	0,06333	0,06849	0,10218	0,09156
334	0,08364	0,06333	0,06891	0,10218	0,09156
335	0,08364	0,06333	0,06891	0,10218	0,09156
336	0,08364	0,06333	0,06891	0,10262	0,09156
337	0,08364	0,06333	0,06891	0,10306	0,09156
338	0,08364	0,0681	0,06891	0,10306	0,09156
339	0,08364	0,06857	0,06891	0,10306	0,09156
340	0,08364	0,06857	0,06891	0,10306	0,09156
341	0,08364	0,06857	0,06891	0,10306	0,09156
342	0,08364	0,06857	0,06891	0,10306	0,09156
343	0,08364	0,06857	0,06891	0,10306	0,09831
344	0,08364	0,06857	0,06891	0,10306	0,09873
345	0,08364	0,06857	0,06891	0,10306	0,09873
346	0,08364	0,06857	0,06891	0,10306	0,09916
347	0,08364	0,06857	0,06891	0,10306	0,09916
348	0,08364	0,06857	0,06891	0,10306	0,09916
349	0,08364	0,06857	0,06891	0,10306	0,09916
350	0,08364	0,06857	0,06891	0,10306	0,09916
351	0,08364	0,06857	0,06891	0,10306	0,09916
352	0,08364	0,06857	0,06891	0,10306	0,09916
353	0,08364	0,06857	0,06891	0,10306	0,09916
354	0,08364	0,06857	0,06891	0,10306	0,09916
355	0,08364	0,06857	0,06891	0,10306	0,09916
356	0,08364	0,06857	0,06891	0,10306	0,09916
357	0,08364	0,06857	0,06891	0,10306	0,09916
358	0,08364	0,06857	0,06891	0,10306	0,09916
359	0,08364	0,06857	0,06891	0,10306	0,09916
360	0,08364	0,06857	0,06891	0,10306	0,09916
361	0,08364	0,06857	0,06891	0,10306	0,09916
362	0,08364	0,06857	0,06891	0,10306	0,09916
363	0,08364	0,06857	0,06891	0,10306	0,09916
364	0,08364	0,06857	0,06933	0,10306	0,09916
365	0,08364	0,06857	0,06933	0,10306	0,09916
366	0,08364	0,06857	0,06933	0,10306	0,09916
367	0,08364	0,06857	0,06933	0,10306	0,09916
368	0,08364	0,06857	0,06933	0,10306	0,09916
369	0,08364	0,06857	0,06933	0,10306	0,09916
370	0,08364	0,06857	0,06933	0,10306	0,09916
371	0,08364	0,06857	0,06933	0,10306	0,09916
372	0,08364	0,06857	0,06933	0,10306	0,09916
373	0,08364	0,06857	0,06933	0,10306	0,09916
374	0,08364	0,06857	0,06933	0,10306	0,09916
375	0,08364	0,09143	0,09118	0,10306	0,09916
376	0,08364	0,09143	0,0916	0,10306	0,09916
377	0,08364	0,09143	0,0916	0,10306	0,09916
378	0,08364	0,09143	0,0916	0,10306	0,09916
379	0,08364	0,0919	0,09412	0,10306	0,09916
380	0,08364	0,0919	0,09454	0,10306	0,09916
381	0,08364	0,0919	0,0958	0,10306	0,09916
382	0,08364	0,0919	0,09958	0,10306	0,09916
383	0,08364	0,0919	0,09958	0,10306	0,09916
384	0,08364	0,0919	0,1	0,10306	0,09916
385	0,08364	0,0919	0,1	0,10306	0,09916
386	0,08364	0,0919	0,10042	0,10306	0,09916
387	0,08364	0,0919	0,10042	0,10306	0,09916
388	0,08364	0,0919	0,10042	0,10306	0,09916
389	0,08364	0,0919	0,10042	0,10306	0,09916
390	0,08364	0,0919	0,10042	0,10306	0,09916
391	0,08364	0,0919	0,10042	0,10306	0,09916
392	0,08364	0,0919	0,10042	0,10306	0,09916
393	0,08364	0,1081	0,10042	0,10306	0,09916
394	0,08364	0,1081	0,10042	0,10306	0,09916
395	0,08364	0,1081	0,10042	0,10306	0,11224
396	0,08364	0,11524	0,10042	0,10306	0,11224
397	0,08364	0,11571	0,10042	0,10306	0,11224
398	0,08364	0,11571	0,10042	0,10306	0,11224
399	0,08364	0,11571	0,10042	0,10306	0,11224
400	0,08364	0,11571	0,10042	0,10349	0,11224
401	0,08364	0,11571	0,10042	0,10349	0,11224
402	0,08364	0,11571	0,10042	0,10349	0,11224
403	0,08364	0,11619	0,10042	0,10349	0,11224
404	0,08364	0,11619	0,10042	0,10349	0,11224
405	0,08364	0,11619	0,10042	0,10349	0,11224
406	0,08364	0,11619	0,10042	0,10349	0,11224
407	0,08364	0,11619	0,10042	0,10349	0,11224
408	0,08364	0,11619	0,10042	0,10349	0,11224
409	0,08364	0,11619	0,10042	0,10349	0,11224
410	0,08364	0,11619	0,10042	0,10349	0,11224
411	0,08364	0,11619	0,10042	0,10349	0,11224
412	0,08364	0,11619	0,10042	0,10349	0,11224
413	0,08364	0,11619	0,10042	0,10349	0,11224
414	0,08364	0,11619	0,10042	0,10349	0,11224
415	0,08364	0,11619	0,10042	0,10349	0,11224
416	0,08364	0,11619	0,10042	0,10349	0,11224
417	0,08364	0,11619	0,10042	0,10349	0,11224
418	0,08364	0,11619	0,10042	0,10349	0,11224
419	0,08364	0,11619	0,10042	0,10349	0,11224
420	0,08364	0,11619	0,10042	0,10349	0,11224
421	0,08364	0,11619	0,10042	0,10349	0,11224
422	0,08364	0,11619	0,10042	0,10349	0,11224
423	0,08364	0,11619	0,10042	0,10349	0,11941
424	0,08364	0,11619	0,10042	0,10349	0,12025
425	0,09864	0,11619	0,10042	0,10349	0,12068
426	0,09909	0,11619	0,10042	0,10349	0,12068
427	0,09909	0,11619	0,10042	0,10349	0,12068
428	0,09909	0,11619	0,10042	0,10349	0,12068
429	0,09909	0,11619	0,10042	0,10349	0,12068
430	0,09909	0,11619	0,10042	0,10349	0,12068
431	0,09909	0,11619	0,10042	0,10349	0,12068
432	0,09909	0,11619	0,10042	0,10349	0,12068
433	0,09909	0,11619	0,10042	0,10349	0,12068
434	0,10545	0,11619	0,10042	0,10349	0,12068
435	0,10591	0,11619	0,10042	0,10349	0,12068
436	0,10591	0,11619	0,10042	0,10349	0,12068
437	0,10591	0,11619	0,10042	0,10349	0,12068
438	0,10591	0,11619	0,10042	0,10349	0,12068
439	0,10591	0,11619	0,10042	0,10349	0,12068
440	0,11409	0,11619	0,10042	0,10349	0,12068
441	0,11409	0,11619	0,10042	0,10349	0,12068
442	0,115	0,11619	0,10042	0,10349	0,12068
443	0,115	0,11619	0,10042	0,10349	0,12068
444	0,115	0,11619	0,10042	0,10349	0,12068
445	0,115	0,11619	0,10042	0,10437	0,12068
446	0,115	0,11619	0,10042	0,10437	0,1211
447	0,115	0,11619	0,10084	0,10437	0,1211
448	0,115	0,11619	0,10084	0,10437	0,1211
449	0,115	0,11619	0,10084	0,10437	0,12194
450	0,115	0,11619	0,10084	0,10437	0,12194
451	0,115	0,11619	0,10084	0,10437	0,12194
452	0,115	0,11619	0,10084	0,10437	0,12236
453	0,115	0,11619	0,10084	0,10437	0,12236
454	0,115	0,11619	0,10084	0,10437	0,12236
455	0,115	0,11619	0,10084	0,10437	0,12236
456	0,115	0,11619	0,10084	0,10437	0,12236
457	0,115	0,11619	0,10084	0,10437	0,12236
458	0,115	0,11619	0,10084	0,10437	0,12911
459	0,115	0,11619	0,10084	0,10437	0,12911
460	0,115	0,11619	0,10084	0,10437	0,12911
461	0,115	0,11619	0,10084	0,10437	0,12911
462	0,115	0,11619	0,10084	0,10437	0,12911
463	0,115	0,11619	0,10084	0,10437	0,12911
464	0,115	0,11619	0,10084	0,10437	0,12911
465	0,115	0,11619	0,10084	0,10437	0,12911
466	0,115	0,11619	0,10084	0,10437	0,12911
467	0,115	0,11619	0,10084	0,10437	0,12911
468	0,115	0,11619	0,10084	0,10437	0,12911
469	0,115	0,11619	0,10084	0,10437	0,12911
470	0,115	0,11619	0,10084	0,10437	0,12911
471	0,115	0,11619	0,10084	0,10437	0,12911
472	0,115	0,11619	0,10084	0,10437	0,12911
473	0,115	0,11619	0,10084	0,10437	0,12911
474	0,115	0,11619	0,10084	0,10437	0,12911
475	0,115	0,11619	0,10084	0,10437	0,12911
476	0,115	0,11619	0,10084	0,10437	0,13038
477	0,115	0,11619	0,10084	0,10437	0,13038
478	0,115	0,11619	0,10084	0,10786	0,13038
479	0,115	0,11619	0,10084	0,10786	0,13038
480	0,115	0,11619	0,10084	0,10786	0,13038
481	0,115	0,11619	0,10084	0,10786	0,13038
482	0,115	0,11619	0,10084	0,10786	0,13038
483	0,115	0,11619	0,10084	0,10786	0,1308
484	0,115	0,11619	0,10084	0,10786	0,1308
485	0,115	0,11619	0,10084	0,10786	0,1308
486	0,115	0,11619	0,10084	0,10786	0,1308
487	0,115	0,11619	0,10084	0,10786	0,1308
488	0,115	0,11619	0,10084	0,10786	0,1308
489	0,115	0,11619	0,10084	0,10786	0,1308
490	0,115	0,11619	0,10084	0,10786	0,1308
491	0,115	0,11619	0,10084	0,10786	0,1308
492	0,115	0,11619	0,10084	0,1083	0,1308
493	0,115	0,11619	0,10084	0,1083	0,1308
494	0,115	0,11619	0,10084	0,1083	0,1308
495	0,115	0,11619	0,10084	0,1083	0,1308
496	0,115	0,11619	0,10084	0,1083	0,1308
497	0,115	0,11619	0,10084	0,1083	0,1308
498	0,115	0,11619	0,10084	0,1083	0,1308
499	0,115	0,11619	0,10084	0,1083	0,1308
500	0,115	0,11619	0,10084	0,1083	0,1308
501	0,115	0,11619	0,10084	0,1083	0,1308
502	0,115	0,11619	0,10084	0,1083	0,1308
503	0,115	0,11619	0,10084	0,1083	0,1308
504	0,115	0,11619	0,10084	0,1083	0,1308
505	0,115	0,11619	0,10084	0,1083	0,1308
506	0,115	0,11619	0,10084	0,11048	0,1308
507	0,115	0,11619	0,10084	0,11048	0,1308
508	0,115	0,11619	0,10084	0,11048	0,1308
509	0,115	0,11619	0,10084	0,11048	0,1308
510	0,115	0,11619	0,10084	0,11048	0,1308
511	0,115	0,11619	0,10084	0,11048	0,1308
512	0,115	0,11619	0,10084	0,11048	0,13586
513	0,115	0,11619	0,10084	0,11048	0,13586
514	0,115	0,11619	0,10084	0,11048	0,13586
515	0,115	0,11619	0,10084	0,11048	0,13586
516	0,115	0,11619	0,10084	0,11048	0,13586
517	0,115	0,11619	0,10084	0,11048	0,13586
518	0,115	0,11619	0,10084	0,11048	0,13586
519	0,115	0,11619	0,10084	0,11048	0,13586
520	0,115	0,11619	0,10084	0,11048	0,13586
521	0,115	0,11619	0,11345	0,11048	0,13586
522	0,115	0,11619	0,11345	0,11048	0,13586
523	0,115	0,11619	0,11429	0,11048	0,13586
524	0,115	0,11619	0,11429	0,11048	0,13586
525	0,115	0,11619	0,11429	0,11048	0,13586
526	0,115	0,11619	0,11429	0,11048	0,13586
527	0,115	0,11619	0,11429	0,11048	0,13586
528	0,115	0,11619	0,11429	0,11048	0,13586
529	0,115	0,11619	0,11429	0,11048	0,13586
530	0,115	0,11619	0,11429	0,11048	0,13586
531	0,115	0,11619	0,11429	0,11048	0,13586
532	0,115	0,11619	0,11429	0,11048	0,13586
533	0,115	0,11619	0,11429	0,11048	0,13586
534	0,115	0,11619	0,11429	0,11048	0,13586
535	0,115	0,11619	0,11429	0,11048	0,13586
536	0,115	0,11619	0,11429	0,11048	0,13586
537	0,115	0,11619	0,11429	0,11048	0,13586
538	0,115	0,11619	0,11429	0,11048	0,13586
539	0,115	0,11619	0,11429	0,11048	0,13586
540	0,115	0,11619	0,11429	0,11048	0,13586
541	0,115	0,11619	0,11429	0,11048	0,13586
542	0,115	0,11619	0,11429	0,11048	0,13586
543	0,115	0,11619	0,11429	0,11048	0,13586
544	0,115	0,11619	0,11429	0,11048	0,13586
545	0,115	0,11619	0,11429	0,11048	0,13586
546	0,115	0,11619	0,12479	0,11048	0,13586
547	0,115	0,11619	0,12521	0,11048	0,13586
548	0,115	0,11619	0,12521	0,11048	0,13586
549	0,115	0,11619	0,12521	0,11048	0,13586
550	0,115	0,11619	0,12521	0,11048	0,13586
551	0,115	0,11619	0,12647	0,11048	0,1443
552	0,115	0,11619	0,12689	0,11048	0,1443
553	0,115	0,11619	0,12731	0,11048	0,14473
554	0,115	0,11619	0,12731	0,11048	0,14473
555	0,115	0,11619	0,12731	0,11048	0,14473
556	0,115	0,11619	0,12731	0,11048	0,14473
557	0,115	0,12095	0,12731	0,11048	0,14473
558	0,115	0,12143	0,12731	0,11048	0,14473
559	0,115	0,12143	0,12731	0,11048	0,14473
560	0,115	0,12143	0,12731	0,11048	0,14473
561	0,115	0,12143	0,12731	0,11048	0,14473
562	0,115	0,12143	0,12731	0,11048	0,14473
563	0,115	0,12143	0,12731	0,11048	0,14473
564	0,115	0,12143	0,12731	0,11048	0,14473
565	0,115	0,12143	0,12731	0,11048	0,14473
566	0,115	0,12143	0,12731	0,11048	0,14684
567	0,115	0,12143	0,13319	0,11048	0,14684
568	0,115	0,12143	0,13319	0,11048	0,14726
569	0,115	0,12143	0,13319	0,11048	0,14726
570	0,115	0,12143	0,13319	0,11048	0,14726
571	0,115	0,12143	0,13529	0,11048	0,14726
572	0,115	0,12143	0,13529	0,11048	0,14726
573	0,115	0,12143	0,13529	0,11048	0,14726
574	0,115	0,12143	0,13529	0,11048	0,14726
575	0,115	0,12143	0,13529	0,11048	0,14726
576	0,115	0,12143	0,13529	0,11048	0,14726
577	0,115	0,12143	0,13529	0,11048	0,14726
578	0,115	0,12143	0,13529	0,11048	0,14726
579	0,115	0,12143	0,13529	0,11048	0,14726
580	0,115	0,12143	0,13529	0,11048	0,14726
581	0,115	0,12143	0,13529	0,11048	0,14726
582	0,115	0,12143	0,13529	0,11048	0,14726
583	0,12773	0,12143	0,13529	0,11048	0,14726
584	0,12773	0,12143	0,13529	0,11048	0,14726
585	0,12773	0,12143	0,13529	0,15197	0,14726
586	0,12773	0,12143	0,13529	0,15284	0,14726
587	0,12773	0,12143	0,13529	0,15328	0,14726
588	0,13045	0,12143	0,13529	0,15328	0,14726
589	0,13045	0,12143	0,13529	0,15328	0,14726
590	0,13045	0,12143	0,13529	0,15328	0,14726
591	0,13045	0,12143	0,13571	0,15328	0,14726
592	0,13045	0,12143	0,1479	0,15328	0,14726
593	0,13045	0,15619	0,1479	0,15328	0,14726
594	0,13045	0,15714	0,1479	0,15328	0,14726
595	0,13045	0,15714	0,1479	0,15328	0,14726
596	0,13045	0,15714	0,1479	0,15328	0,14726
597	0,13045	0,15714	0,1479	0,16638	0,14726
598	0,13045	0,15714	0,1479	0,16725	0,14726
599	0,13045	0,15714	0,1479	0,16725	0,14726
600	0,13045	0,16571	0,1479	0,16725	0,14726
